-0.5003,2.6758,-0.7417,0.6618
-1.4208,-2.7643,-0.0019,0.1133
-1.1904,1.3709,0.0165,-0.9263
1.7654,0.2432,0.0256,-0.8082
-1.1833,2.6160,-0.8745,0.6549
2.6897,-0.3989,-0.7152,0.4430
-0.5674,0.7115,-0.1214,0.0054
1.3422,0.7547,0.0164,-0.6656
-0.4212,-0.3651,-0.8724,0.2758
0.9173,2.6255,-0.7945,-0.8699
-2.8403,-2.5783,-0.9092,0.2069
1.6433,-0.2532,0.8912,0.0813
1.7414,0.2475,-0.9691,0.1610
-0.2396,2.8537,-0.0439,0.3752
-0.8270,0.9237,-0.7641,0.3480
0.2732,-2.4441,0.8638,-0.5639
-2.0885,1.9930,0.9014,0.2082
0.1426,1.1240,0.6882,-0.5843
-0.2894,2.1978,-0.2248,0.7447
2.2118,-0.4366,0.6636,0.1770
